 0.000000000000000E+00  0.000000000000000E+00  3.000000000000000E-01  1.000000000000000E-02
 7.000000000000001E-02  2.098285457892838E-02  2.992653270383480E-01  1.049760000000000E-01
 1.400000000000000E-01  4.186294643184843E-02  2.970652279230098E-01  1.889568000000001E-01
 2.100000000000000E-01  6.253806078236858E-02  2.934114269305103E-01  1.879280872025652E-01
 2.800000000000000E-01  8.290707386998430E-02  2.883233486536102E-01  1.863318647938671E-01
 3.500000000000000E-01  1.028704863755761E-01  2.818279473300123E-01  1.850174912953367E-01
 4.200000000000000E-01  1.223309426948335E-01  2.739594740182765E-01  1.839652508965043E-01
 4.900000000000000E-01  1.411937319035335E-01  2.647591874045823E-01  1.831603134086193E-01
 5.600000000000001E-01  1.593672667070912E-01  2.542750152235815E-01  1.825937053028255E-01
 6.300000000000001E-01  1.767635371888658E-01  2.425611741724691E-01  1.822529476015472E-01
 7.000000000000002E-01  1.932985367448952E-01  2.296777567586074E-01  1.821276345337942E-01
 7.700000000000002E-01  2.088926581930532E-01  2.156902937342227E-01  1.822101004211677E-01
 8.400000000000003E-01  2.234710586477603E-01  2.006693006409760E-01  1.824909627387319E-01
 9.100000000000004E-01  2.369639923338733E-01  1.846898165329940E-01  1.829649376151047E-01
 9.800000000000004E-01  2.493071110537383E-01  1.678309422038578E-01  1.836248680414435E-01
 1.050000000000000E+00  2.604417325009314E-01  1.501753842572082E-01  1.844584722712451E-01
 1.120000000000001E+00  2.703150770178269E-01  1.318090101865627E-01  1.854677952583070E-01
 1.190000000000001E+00  2.788804737107017E-01  1.128204183273980E-01  1.866427665569355E-01
 1.260000000000001E+00  2.860975370587895E-01  9.330052517535518E-02  1.879813867941339E-01
 1.330000000000001E+00  2.919323152800056E-01  7.334217118970389E-02  1.894765908933998E-01
 1.400000000000001E+00  2.963574117476642E-01  5.303974487896636E-02  1.911279947949121E-01
 1.470000000000001E+00  2.993520806949427E-01  3.248882374884914E-02  1.929397809233188E-01
 1.540000000000001E+00  3.009022983061849E-01  1.178582962786438E-02  1.949230930873452E-01
 1.610000000000001E+00  3.010008100884172E-01 -8.972304987712353E-03  1.970713205628731E-01
 1.680000000000001E+00  2.996471551571852E-01 -2.968846357969590E-02  1.964389606339761E-01
 1.750000000000001E+00  2.968476677743720E-01 -5.026566966223847E-02  1.938899381415576E-01
 1.820000000000001E+00  2.926154561596735E-01 -7.060741281138229E-02  1.916009995839995E-01
 1.890000000000001E+00  2.869703582801696E-01 -9.061798112307407E-02  1.895521042866669E-01
 1.960000000000001E+00  2.799388740222824E-01 -1.102028041797487E-01  1.877347681382220E-01
 2.030000000000001E+00  2.715540728851086E-01 -1.292688099858055E-01  1.861385608249712E-01
 2.100000000000001E+00  2.618554761202401E-01 -1.477247984870305E-01  1.847643376425197E-01
 2.170000000000001E+00  2.508889120955256E-01 -1.654818332480447E-01  1.836024888456028E-01
 2.240000000000001E+00  2.387063435912019E-01 -1.824536516631413E-01  1.826567851899989E-01
 2.310000000000000E+00  2.253656657559203E-01 -1.985570927649687E-01  1.819261276268042E-01
 2.380000000000000E+00  2.109304735634776E-01 -2.137125403246063E-01  1.814130344687891E-01
 2.450000000000000E+00  1.954697978207421E-01 -2.278443775630985E-01  1.811187200872987E-01
 2.520000000000000E+00  1.790578090814164E-01 -2.408814484792950E-01  1.810437969169890E-01
 2.590000000000000E+00  1.617734892126457E-01 -2.527575196037887E-01  1.811955685043862E-01
 2.660000000000000E+00  1.437002708315276E-01 -2.634117349740321E-01  1.815772354787602E-01
 2.730000000000000E+00  1.249256453617148E-01 -2.727890563467918E-01  1.821948463112107E-01
 2.799999999999999E+00  1.055407410382877E-01 -2.808406801684002E-01  1.830548005416994E-01
 2.869999999999999E+00  8.563987279075444E-02 -2.875244226471473E-01  1.841640754441214E-01
 2.939999999999999E+00  6.532006653615470E-02 -2.928050644380907E-01  1.855298720557911E-01
 3.009999999999999E+00  4.468056099254123E-02 -2.966546469649694E-01  1.871654658134766E-01
 3.079999999999999E+00  2.382229065347002E-02 -2.990527132558400E-01  1.890866119938407E-01
 3.149999999999999E+00  2.847354023824373E-03 -2.999864873299139E-01  1.913056668481636E-01
 3.219999999999998E+00 -1.814152841380335E-02 -2.994509875974788E-01  1.923756006454763E-01
 3.289999999999998E+00 -3.904156177126705E-02 -2.974490713626272E-01  1.900983153666465E-01
 3.359999999999998E+00 -5.975042499197548E-02 -2.939914092780505E-01  1.881638194137579E-01
 3.429999999999998E+00 -8.016681486216878E-02 -2.890963904130324E-01  1.865316972109878E-01
 3.499999999999998E+00 -1.001909810146343E-01 -2.827899603775586E-01  1.851812318260874E-01
 3.569999999999998E+00 -1.197252473734957E-01 -2.751053966165024E-01  1.840939694275565E-01
 3.639999999999997E+00 -1.386745158299766E-01 -2.660830264739079E-01  1.832563651428307E-01
 3.709999999999997E+00 -1.569467483759645E-01 -2.557698948648681E-01  1.826571942407477E-01
 3.779999999999997E+00 -1.744534244355545E-01 -2.442193893317595E-01  1.822853027665761E-01
 3.849999999999997E+00 -1.911099707023966E-01 -2.314908308693543E-01  1.821316514861386E-01
 3.919999999999997E+00 -2.068361613887429E-01 -2.176490391638475E-01  1.821855975006682E-01
 3.989999999999997E+00 -2.215564873962502E-01 -2.027638808058903E-01  1.824413743259568E-01
 4.059999999999997E+00 -2.352004935052016E-01 -1.869098086256334E-01  1.828914559677180E-01
 4.129999999999997E+00 -2.477030832260476E-01 -1.701653995913833E-01  1.835248687001190E-01
 4.199999999999998E+00 -2.590047914459241E-01 -1.526128977575071E-01  1.843372598024144E-01
 4.269999999999998E+00 -2.690520254174597E-01 -1.343377675952640E-01  1.853202915370959E-01
 4.339999999999998E+00 -2.777972749660496E-01 -1.154282617515104E-01  1.864739245036187E-01
 4.409999999999998E+00 -2.851992930274529E-01 -9.597500591644227E-02  1.877893048863160E-01
 4.479999999999999E+00 -2.912232477669358E-01 -7.607060210407755E-02  1.892627139402900E-01
 4.549999999999999E+00 -2.958408475753833E-01 -5.580925031659334E-02  1.908937886951613E-01
 4.619999999999999E+00 -2.990304401918706E-01 -3.528638732969729E-02  1.926829118000675E-01
 4.690000000000000E+00 -3.007770870747327E-01 -1.459834024837609E-02  1.946450201157346E-01
 4.760000000000000E+00 -3.010726139458824E-01  6.158008419269220E-03  1.967693214465719E-01
 4.830000000000000E+00 -2.999156381801962E-01  2.688554810578415E-02  1.968057240331055E-01
 4.900000000000000E+00 -2.973115734193695E-01  4.748726432296670E-02  1.942202639532708E-01
 4.970000000000001E+00 -2.932726114752433E-01  6.786656415738060E-02  1.918969391996108E-01
 5.040000000000001E+00 -2.878176812694595E-01  8.792760760672651E-02  1.898173060090264E-01
 5.110000000000001E+00 -2.809723842527724E-01  1.075756489025888E-01  1.879657538895060E-01
 5.180000000000001E+00 -2.727689054763172E-01  1.267173913776923E-01  1.863429464370034E-01
 5.250000000000002E+00 -2.632458992653722E-01  1.452613586195496E-01  1.849356179654421E-01
 5.320000000000002E+00 -2.524483482887298E-01  1.631182836358921E-01  1.837466858237245E-01
 5.390000000000002E+00 -2.404273947364749E-01  1.802015165774411E-01  1.827734920496548E-01
 5.460000000000003E+00 -2.272401423256872E-01  1.964274502649576E-01  1.820141321701511E-01
 5.530000000000003E+00 -2.129494279538699E-01  2.117159614014694E-01  1.814702989605110E-01
 5.600000000000003E+00 -1.976235620165454E-01  2.259908639739274E-01  1.811437869829707E-01
 5.670000000000003E+00 -1.813360366970649E-01  2.391803700217993E-01  1.810408529718575E-01
 5.740000000000004E+00 -1.641652019176085E-01  2.512175517351579E-01  1.811614528446618E-01
 5.810000000000004E+00 -1.461939091006412E-01  2.620407978022768E-01  1.815111850894845E-01
 5.880000000000004E+00 -1.275091234156566E-01  2.715942561128580E-01  1.820970761608847E-01
 5.950000000000005E+00 -1.082015057591360E-01  2.798282543865098E-01  1.829227425545275E-01
 6.020000000000005E+00 -8.836496631544000E-02  2.866996900749926E-01  1.839984232665672E-01
 6.090000000000005E+00 -6.809619214982078E-02  2.921723810055570E-01  1.853294492425707E-01
 6.160000000000005E+00 -4.749415186770235E-02  2.962173687001035E-01  1.869288057055551E-01
 6.230000000000006E+00 -2.665958091260559E-02  2.988131671123510E-01  1.888079962929648E-01
 6.300000000000006E+00 -5.694451545622083E-03  2.999459506464779E-01  1.909856052594300E-01
 6.370000000000006E+00  1.529856806839566E-02  2.996096767125900E-01  1.927116040815398E-01
 6.440000000000007E+00  3.621666096573863E-02  2.978061396786119E-01  1.903864686273568E-01
 6.510000000000007E+00  5.695740981833501E-02  2.945449548244056E-01  1.884078842183190E-01
 6.580000000000007E+00  7.741934180193852E-02  2.898434727135082E-01  1.867355621055868E-01
 6.650000000000007E+00  9.750246509421867E-02  2.837266261885594E-01  1.853475485890835E-01
 6.720000000000008E+00  1.171087924133688E-01  2.762267138870891E-01  1.842245320500589E-01
 6.790000000000008E+00  1.361428473348707E-01  2.673831256894794E-01  1.833542492453117E-01
 6.860000000000008E+00  1.545121495490585E-01  2.572420167853434E-01  1.827253713803675E-01
 6.930000000000009E+00  1.721276757263595E-01  2.458559380265958E-01  1.823230719748669E-01
 7.000000000000009E+00  1.889042932187462E-01  2.332834308895141E-01  1.821389230197285E-01


 0.000000000000000E+00  0.000000000000000E+00  6.000000000000000E-01  1.000000000000000E-02
 7.000000000000001E-02  4.196571142377313E-02  5.985308158413986E-01  1.049760000000000E-01
 1.400000000000000E-01  8.372596508315348E-02  5.941330296036079E-01  1.762798935967577E-01
 2.100000000000000E-01  1.250766663347881E-01  5.868357623024618E-01  1.712972436412145E-01
 2.800000000000000E-01  1.658164220783906E-01  5.766869642807946E-01  1.685458277505992E-01
 3.500000000000000E-01  2.057478308395418E-01  5.637525644521943E-01  1.664444894791993E-01
 4.200000000000000E-01  2.446787029238763E-01  5.481153300806838E-01  1.649403408169452E-01
 4.900000000000000E-01  2.824231919685394E-01  5.298734841229310E-01  1.639840263392150E-01
 5.600000000000001E-01  3.188028228193284E-01  5.091391355275651E-01  1.635296233362072E-01
 6.300000000000001E-01  3.536474047399921E-01  4.860365830632616E-01  1.635556832642076E-01
 7.000000000000002E-01  3.867958232846344E-01  4.607005551109600E-01  1.640301735556132E-01
 7.700000000000002E-01  4.180967085059273E-01  4.332744465240847E-01  1.649455968261697E-01
 8.400000000000003E-01  4.474089813175382E-01  4.039086094593132E-01  1.662869691079176E-01
 9.100000000000004E-01  4.746022835940432E-01  3.727587484914847E-01  1.680535996248653E-01
 9.800000000000004E-01  4.995573008284273E-01  3.399844619295875E-01  1.702423207896520E-01
 1.050000000000000E+00  5.221659887710575E-01  3.057479616638868E-01  1.728528476693728E-01
 1.120000000000001E+00  5.423317173827339E-01  2.702129936981110E-01  1.759079286619065E-01
 1.190000000000001E+00  5.599693466262041E-01  2.335439712963745E-01  1.794114584396498E-01
 1.260000000000001E+00  5.750052491084092E-01  1.959053228542811E-01  1.833971407523809E-01
 1.330000000000001E+00  5.873772944108000E-01  1.574610475354936E-01  1.878909201885594E-01
 1.400000000000001E+00  5.970348091690530E-01  1.183744636414305E-01  1.929495587628665E-01
 1.470000000000001E+00  6.039385256616768E-01  7.880812774877784E-02  1.986681311713012E-01
 1.540000000000001E+00  6.080605299219095E-01  3.892389692393742E-02  2.051958747749493E-01
 1.610000000000001E+00  6.093842182840820E-01 -1.116898185842600E-03  2.127693520699815E-01
 1.680000000000001E+00  6.079042688985798E-01 -4.115320490468345E-02  2.133967180216733E-01
 1.750000000000001E+00  6.036266321805775E-01 -8.102396241462348E-02  2.020982092485581E-01
 1.820000000000001E+00  5.965685414758585E-01 -1.205678167270380E-01  1.939746037979174E-01
 1.890000000000001E+00  5.867585425092319E-01 -1.596228754591909E-01  1.874754657198170E-01
 1.960000000000001E+00  5.742365375034502E-01 -1.980265400154117E-01  1.821201977343994E-01
 2.030000000000001E+00  5.590538372961683E-01 -2.356154505384694E-01  1.776339977050445E-01
 2.100000000000001E+00  5.412732124185299E-01 -2.722255756116423E-01  1.738495559020681E-01
 2.170000000000001E+00  5.209689320134653E-01 -3.076924741152725E-01  1.706663837480683E-01
 2.240000000000001E+00  4.982267777491777E-01 -3.418517508480467E-01  1.680033783983930E-01
 2.310000000000000E+00  4.731440186086420E-01 -3.745397205242726E-01  1.658234682675587E-01
 2.380000000000000E+00  4.458293316915561E-01 -4.055942866246723E-01  1.640994945737560E-01
 2.450000000000000E+00  4.164026540257443E-01 -4.348560324607930E-01  1.628150719776469E-01
 2.520000000000000E+00  3.849949509112841E-01 -4.621695119602132E-01  1.619620857043738E-01
 2.590000000000000E+00  3.517478875523321E-01 -4.873847174453554E-01  1.615458929224635E-01
 2.660000000000000E+00  3.168133926800225E-01 -5.103586915204574E-01  1.615823088912832E-01
 2.730000000000000E+00  2.803531055109182E-01 -5.309572406445541E-01  1.620887014574644E-01
 2.799999999999999E+00  2.425377006549252E-01 -5.490566996562862E-01  1.631048315656872E-01
 2.869999999999999E+00  2.035460893769354E-01 -5.645456900458822E-01  1.646656704043235E-01
 2.939999999999999E+00  1.635644997782699E-01 -5.773268107168399E-01  1.668342578900154E-01
 3.009999999999999E+00  1.227854428106127E-01 -5.873181988196431E-01  1.696965532602963E-01
 3.079999999999999E+00  8.140657535197206E-02 -5.944549002872768E-01  1.733693214768736E-01
 3.149999999999999E+00  3.962947563169577E-02 -5.986899950628579E-01  1.780361574968510E-01
 3.219999999999998E+00 -2.341650138886141E-03 -5.999954305468775E-01  1.839589114761274E-01
 3.289999999999998E+00 -4.430130820227968E-02 -5.983625281179725E-01  1.789893756329813E-01
 3.359999999999998E+00 -8.604408103083851E-02 -5.938021410764468E-01  1.746221998840554E-01
 3.429999999999998E+00 -1.273659897157798E-01 -5.863444572152600E-01  1.711430595972476E-01
 3.499999999999998E+00 -1.680658303016763E-01 -5.760384545093101E-01  1.684139128692773E-01
 3.569999999999998E+00 -2.079464605153650E-01 -5.629510331621677E-01  1.663457381750122E-01
 3.639999999999997E+00 -2.468160154411095E-01 -5.471658605399855E-01  1.648757778681328E-01
 3.709999999999997E+00 -2.844890336525006E-01 -5.287819765644628E-01  1.639475095501762E-01
 3.779999999999997E+00 -3.207874789464379E-01 -5.079122153343409E-01  1.635214389091533E-01
 3.849999999999997E+00 -3.555416469224361E-01 -4.846815037381676E-01  1.635684987895919E-01
 3.919999999999997E+00 -3.885909499818924E-01 -4.592250995014008E-01  1.640712294249302E-01
 3.989999999999997E+00 -4.197845786581805E-01 -4.316868296091588E-01  1.650089123197568E-01
 4.059999999999997E+00 -4.489820413174472E-01 -4.022173856976051E-01  1.663748435933644E-01
 4.129999999999997E+00 -4.760535880089217E-01 -3.709727263013434E-01  1.681642243900324E-01
 4.199999999999998E+00 -5.008805274474325E-01 -3.381126273648493E-01  1.703768720012521E-01
 4.269999999999998E+00 -5.233554486771111E-01 -3.037994127908084E-01  1.730158037318126E-01
 4.339999999999998E+00 -5.433823608342293E-01 -2.681968866058742E-01  1.760929270391756E-01
 4.409999999999998E+00 -5.608767655790160E-01 -2.314694781116663E-01  1.796208381886225E-01
 4.479999999999999E+00 -5.757656772159252E-01 -1.937816016023628E-01  1.836326790918314E-01
 4.549999999999999E+00 -5.879876053116009E-01 -1.552972232120942E-01  1.881537149140945E-01
 4.619999999999999E+00 -5.974925138123836E-01 -1.161796194423005E-01  1.932507439702390E-01
 4.690000000000000E+00 -6.042417693344390E-01 -7.659130505243154E-02  1.990066799715860E-01
 4.760000000000000E+00 -6.082080895322841E-01 -3.669410233981664E-02  2.055861356829261E-01
 4.830000000000000E+00 -6.093755003307912E-01  3.350680607607098E-03  2.132265095081732E-01
 4.900000000000000E+00 -6.077393084158836E-01  4.338199835662267E-02  2.126482533998154E-01
 4.970000000000001E+00 -6.033060928018218E-01  8.323878105114446E-02  2.015907614617354E-01
 5.040000000000001E+00 -5.960937166071095E-01  1.227596505891523E-01  1.935738313577792E-01
 5.110000000000001E+00 -5.861313574534753E-01  1.617826787407422E-01  1.871465425471017E-01
 5.180000000000001E+00 -5.734595522292800E-01  2.001452247118429E-01  1.818470408315591E-01
 5.250000000000002E+00 -5.581302494071716E-01  2.376838873611289E-01  1.774049366616730E-01
 5.320000000000002E+00 -5.402068597551970E-01  2.742346038271722E-01  1.736594075335618E-01
 5.390000000000002E+00 -5.197642942130719E-01  3.096329216787361E-01  1.704986154501352E-01
 5.460000000000003E+00 -4.968889760054431E-01  3.437144658396221E-01  1.678678633829030E-01
 5.530000000000003E+00 -4.716788128167725E-01  3.763156144747166E-01  1.657171670762194E-01
 5.600000000000003E+00 -4.442431141399449E-01  4.072743898304904E-01  1.640183835923570E-01
 5.670000000000003E+00 -4.147024388069424E-01  4.364315608572725E-01  1.627565108963036E-01
 5.740000000000004E+00 -3.831883582747123E-01  4.636319445561292E-01  1.619260547626172E-01
 5.810000000000004E+00 -3.498431225110241E-01  4.887258827500937E-01  1.615414337827180E-01
 5.880000000000004E+00 -3.148192173131106E-01  5.115708608408318E-01  1.616022423049396E-01
 5.950000000000005E+00 -2.782788045701183E-01  5.320332256271942E-01  1.621330471041262E-01
 6.020000000000005E+00 -2.403930402820920E-01  5.499899510366050E-01  1.631772975193822E-01
 6.090000000000005E+00 -2.013412689635923E-01  5.653303942700730E-01  1.647676619191044E-01
 6.160000000000005E+00 -1.613100972373759E-01  5.779579809587836E-01  1.669743177137980E-01
 6.230000000000006E+00 -1.204923537743790E-01  5.877917569423201E-01  1.698798968366377E-01
 6.300000000000006E+00 -7.908594704474188E-02  5.947677465100827E-01  1.736028931394147E-01
 6.370000000000006E+00 -3.729263638082420E-02  5.988400624910435E-01  1.783346891364269E-01
 6.440000000000007E+00  4.683264610942415E-03  5.999817222821640E-01  1.843317182392512E-01
 6.510000000000007E+00  4.663623042565118E-02  5.981851353714661E-01  1.787095791324426E-01
 6.580000000000007E+00  8.836088801376368E-02  5.934622415056285E-01  1.744091920311504E-01
 6.650000000000007E+00  1.296533783611480E-01  5.858442935567083E-01  1.709724618266550E-01
 6.720000000000008E+00  1.703126906625718E-01  5.753812944241421E-01  1.682818213481983E-01
 6.790000000000008E+00  2.101419456298242E-01  5.621411119986023E-01  1.662480198092460E-01
 6.860000000000008E+00  2.489496066302046E-01  5.462083093987555E-01  1.648097988719818E-01
 6.930000000000009E+00  2.865506003525718E-01  5.276827385891724E-01  1.639096020490946E-01
 7.000000000000009E+00  3.227673323646678E-01  5.066779535137478E-01  1.635131774960051E-01


 0.000000000000000E+00  0.000000000000000E+00  3.000000000000000E-01  1.000000000000000E-02
 7.000000000000001E-02  2.098285457892838E-02  2.992653270383480E-01  1.049760000000000E-01
 1.400000000000000E-01  4.186294643184843E-02  2.970652279230098E-01  1.889568000000001E-01
 2.100000000000000E-01  6.253806078236858E-02  2.934114269305103E-01  1.879280872025652E-01
 2.800000000000000E-01  8.290707386998430E-02  2.883233486536102E-01  1.863318647938671E-01
 3.500000000000000E-01  1.028704863755761E-01  2.818279473300123E-01  1.850174912953367E-01
 4.200000000000000E-01  1.223309426948335E-01  2.739594740182765E-01  1.839652508965043E-01
 4.900000000000000E-01  1.411937319035335E-01  2.647591874045823E-01  1.831603134086193E-01
 5.600000000000001E-01  1.593672667070912E-01  2.542750152235815E-01  1.825937053028255E-01
 6.300000000000001E-01  1.767635371888658E-01  2.425611741724691E-01  1.822529476015472E-01
 7.000000000000002E-01  1.932985367448952E-01  2.296777567586074E-01  1.821276345337942E-01
 7.700000000000002E-01  2.088926581930532E-01  2.156902937342227E-01  1.822101004211677E-01
 8.400000000000003E-01  2.234710586477603E-01  2.006693006409760E-01  1.824909627387319E-01
 9.100000000000004E-01  2.369639923338733E-01  1.846898165329940E-01  1.829649376151047E-01
 9.800000000000004E-01  2.493071110537383E-01  1.678309422038578E-01  1.836248680414435E-01
 1.050000000000000E+00  2.604417325009314E-01  1.501753842572082E-01  1.844584722712451E-01
 1.120000000000001E+00  2.703150770178269E-01  1.318090101865627E-01  1.854677952583070E-01
 1.190000000000001E+00  2.788804737107017E-01  1.128204183273980E-01  1.866427665569355E-01
 1.260000000000001E+00  2.860975370587895E-01  9.330052517535518E-02  1.879813867941339E-01
 1.330000000000001E+00  2.919323152800056E-01  7.334217118970389E-02  1.894765908933998E-01
 1.400000000000001E+00  2.963574117476642E-01  5.303974487896636E-02  1.911279947949121E-01
 1.470000000000001E+00  2.993520806949427E-01  3.248882374884914E-02  1.929397809233188E-01
 1.540000000000001E+00  3.009022983061849E-01  1.178582962786438E-02  1.949230930873452E-01
 1.610000000000001E+00  3.010008100884172E-01 -8.972304987712353E-03  1.970713205628731E-01
 1.680000000000001E+00  2.996471551571852E-01 -2.968846357969590E-02  1.964389606339761E-01
 1.750000000000001E+00  2.968476677743720E-01 -5.026566966223847E-02  1.938899381415576E-01
 1.820000000000001E+00  2.926154561596735E-01 -7.060741281138229E-02  1.916009995839995E-01
 1.890000000000001E+00  2.869703582801696E-01 -9.061798112307407E-02  1.895521042866669E-01
 1.960000000000001E+00  2.799388740222824E-01 -1.102028041797487E-01  1.877347681382220E-01
 2.030000000000001E+00  2.715540728851086E-01 -1.292688099858055E-01  1.861385608249712E-01
 2.100000000000001E+00  2.618554761202401E-01 -1.477247984870305E-01  1.847643376425197E-01
 2.170000000000001E+00  2.508889120955256E-01 -1.654818332480447E-01  1.836024888456028E-01
 2.240000000000001E+00  2.387063435912019E-01 -1.824536516631413E-01  1.826567851899989E-01
 2.310000000000000E+00  2.253656657559203E-01 -1.985570927649687E-01  1.819261276268042E-01
 2.380000000000000E+00  2.109304735634776E-01 -2.137125403246063E-01  1.814130344687891E-01
 2.450000000000000E+00  1.954697978207421E-01 -2.278443775630985E-01  1.811187200872987E-01
 2.520000000000000E+00  1.790578090814164E-01 -2.408814484792950E-01  1.810437969169890E-01
 2.590000000000000E+00  1.617734892126457E-01 -2.527575196037887E-01  1.811955685043862E-01
 2.660000000000000E+00  1.437002708315276E-01 -2.634117349740321E-01  1.815772354787602E-01
 2.730000000000000E+00  1.249256453617148E-01 -2.727890563467918E-01  1.821948463112107E-01
 2.799999999999999E+00  1.055407410382877E-01 -2.808406801684002E-01  1.830548005416994E-01
 2.869999999999999E+00  8.563987279075444E-02 -2.875244226471473E-01  1.841640754441214E-01
 2.939999999999999E+00  6.532006653615470E-02 -2.928050644380907E-01  1.855298720557911E-01
 3.009999999999999E+00  4.468056099254123E-02 -2.966546469649694E-01  1.871654658134766E-01
 3.079999999999999E+00  2.382229065347002E-02 -2.990527132558400E-01  1.890866119938407E-01
 3.149999999999999E+00  2.847354023824373E-03 -2.999864873299139E-01  1.913056668481636E-01
 3.219999999999998E+00 -1.814152841380335E-02 -2.994509875974788E-01  1.923756006454763E-01
 3.289999999999998E+00 -3.904156177126705E-02 -2.974490713626272E-01  1.900983153666465E-01
 3.359999999999998E+00 -5.975042499197548E-02 -2.939914092780505E-01  1.881638194137579E-01
 3.429999999999998E+00 -8.016681486216878E-02 -2.890963904130324E-01  1.865316972109878E-01
 3.499999999999998E+00 -1.001909810146343E-01 -2.827899603775586E-01  1.851812318260874E-01
 3.569999999999998E+00 -1.197252473734957E-01 -2.751053966165024E-01  1.840939694275565E-01
 3.639999999999997E+00 -1.386745158299766E-01 -2.660830264739079E-01  1.832563651428307E-01
 3.709999999999997E+00 -1.569467483759645E-01 -2.557698948648681E-01  1.826571942407477E-01
 3.779999999999997E+00 -1.744534244355545E-01 -2.442193893317595E-01  1.822853027665761E-01
 3.849999999999997E+00 -1.911099707023966E-01 -2.314908308693543E-01  1.821316514861386E-01
 3.919999999999997E+00 -2.068361613887429E-01 -2.176490391638475E-01  1.821855975006682E-01
 3.989999999999997E+00 -2.215564873962502E-01 -2.027638808058903E-01  1.824413743259568E-01
 4.059999999999997E+00 -2.352004935052016E-01 -1.869098086256334E-01  1.828914559677180E-01
 4.129999999999997E+00 -2.477030832260476E-01 -1.701653995913833E-01  1.835248687001190E-01
 4.199999999999998E+00 -2.590047914459241E-01 -1.526128977575071E-01  1.843372598024144E-01
 4.269999999999998E+00 -2.690520254174597E-01 -1.343377675952640E-01  1.853202915370959E-01
 4.339999999999998E+00 -2.777972749660496E-01 -1.154282617515104E-01  1.864739245036187E-01
 4.409999999999998E+00 -2.851992930274529E-01 -9.597500591644227E-02  1.877893048863160E-01
 4.479999999999999E+00 -2.912232477669358E-01 -7.607060210407755E-02  1.892627139402900E-01
 4.549999999999999E+00 -2.958408475753833E-01 -5.580925031659334E-02  1.908937886951613E-01
 4.619999999999999E+00 -2.990304401918706E-01 -3.528638732969729E-02  1.926829118000675E-01
 4.690000000000000E+00 -3.007770870747327E-01 -1.459834024837609E-02  1.946450201157346E-01
 4.760000000000000E+00 -3.010726139458824E-01  6.158008419269220E-03  1.967693214465719E-01
 4.830000000000000E+00 -2.999156381801962E-01  2.688554810578415E-02  1.968057240331055E-01
 4.900000000000000E+00 -2.973115734193695E-01  4.748726432296670E-02  1.942202639532708E-01
 4.970000000000001E+00 -2.932726114752433E-01  6.786656415738060E-02  1.918969391996108E-01
 5.040000000000001E+00 -2.878176812694595E-01  8.792760760672651E-02  1.898173060090264E-01
 5.110000000000001E+00 -2.809723842527724E-01  1.075756489025888E-01  1.879657538895060E-01
 5.180000000000001E+00 -2.727689054763172E-01  1.267173913776923E-01  1.863429464370034E-01
 5.250000000000002E+00 -2.632458992653722E-01  1.452613586195496E-01  1.849356179654421E-01
 5.320000000000002E+00 -2.524483482887298E-01  1.631182836358921E-01  1.837466858237245E-01
 5.390000000000002E+00 -2.404273947364749E-01  1.802015165774411E-01  1.827734920496548E-01
 5.460000000000003E+00 -2.272401423256872E-01  1.964274502649576E-01  1.820141321701511E-01
 5.530000000000003E+00 -2.129494279538699E-01  2.117159614014694E-01  1.814702989605110E-01
 5.600000000000003E+00 -1.976235620165454E-01  2.259908639739274E-01  1.811437869829707E-01
 5.670000000000003E+00 -1.813360366970649E-01  2.391803700217993E-01  1.810408529718575E-01
 5.740000000000004E+00 -1.641652019176085E-01  2.512175517351579E-01  1.811614528446618E-01
 5.810000000000004E+00 -1.461939091006412E-01  2.620407978022768E-01  1.815111850894845E-01
 5.880000000000004E+00 -1.275091234156566E-01  2.715942561128580E-01  1.820970761608847E-01
 5.950000000000005E+00 -1.082015057591360E-01  2.798282543865098E-01  1.829227425545275E-01
 6.020000000000005E+00 -8.836496631544000E-02  2.866996900749926E-01  1.839984232665672E-01
 6.090000000000005E+00 -6.809619214982078E-02  2.921723810055570E-01  1.853294492425707E-01
 6.160000000000005E+00 -4.749415186770235E-02  2.962173687001035E-01  1.869288057055551E-01
 6.230000000000006E+00 -2.665958091260559E-02  2.988131671123510E-01  1.888079962929648E-01
 6.300000000000006E+00 -5.694451545622083E-03  2.999459506464779E-01  1.909856052594300E-01
 6.370000000000006E+00  1.529856806839566E-02  2.996096767125900E-01  1.927116040815398E-01
 6.440000000000007E+00  3.621666096573863E-02  2.978061396786119E-01  1.903864686273568E-01
 6.510000000000007E+00  5.695740981833501E-02  2.945449548244056E-01  1.884078842183190E-01
 6.580000000000007E+00  7.741934180193852E-02  2.898434727135082E-01  1.867355621055868E-01
 6.650000000000007E+00  9.750246509421867E-02  2.837266261885594E-01  1.853475485890835E-01
 6.720000000000008E+00  1.171087924133688E-01  2.762267138870891E-01  1.842245320500589E-01
 6.790000000000008E+00  1.361428473348707E-01  2.673831256894794E-01  1.833542492453117E-01
 6.860000000000008E+00  1.545121495490585E-01  2.572420167853434E-01  1.827253713803675E-01
 6.930000000000009E+00  1.721276757263595E-01  2.458559380265958E-01  1.823230719748669E-01
 7.000000000000009E+00  1.889042932187462E-01  2.332834308895141E-01  1.821389230197285E-01


 0.000000000000000E+00  0.000000000000000E+00  6.000000000000000E-01  1.000000000000000E-02
 7.000000000000001E-02  4.196571142377313E-02  5.985308158413986E-01  1.049760000000000E-01
 1.400000000000000E-01  8.372596508315348E-02  5.941330296036079E-01  1.762798935967577E-01
 2.100000000000000E-01  1.250766663347881E-01  5.868357623024618E-01  1.712972436412145E-01
 2.800000000000000E-01  1.658164220783906E-01  5.766869642807946E-01  1.685458277505992E-01
 3.500000000000000E-01  2.057478308395418E-01  5.637525644521943E-01  1.664444894791993E-01
 4.200000000000000E-01  2.446787029238763E-01  5.481153300806838E-01  1.649403408169452E-01
 4.900000000000000E-01  2.824231919685394E-01  5.298734841229310E-01  1.639840263392150E-01
 5.600000000000001E-01  3.188028228193284E-01  5.091391355275651E-01  1.635296233362072E-01
 6.300000000000001E-01  3.536474047399921E-01  4.860365830632616E-01  1.635556832642076E-01
 7.000000000000002E-01  3.867958232846344E-01  4.607005551109600E-01  1.640301735556132E-01
 7.700000000000002E-01  4.180967085059273E-01  4.332744465240847E-01  1.649455968261697E-01
 8.400000000000003E-01  4.474089813175382E-01  4.039086094593132E-01  1.662869691079176E-01
 9.100000000000004E-01  4.746022835940432E-01  3.727587484914847E-01  1.680535996248653E-01
 9.800000000000004E-01  4.995573008284273E-01  3.399844619295875E-01  1.702423207896520E-01
 1.050000000000000E+00  5.221659887710575E-01  3.057479616638868E-01  1.728528476693728E-01
 1.120000000000001E+00  5.423317173827339E-01  2.702129936981110E-01  1.759079286619065E-01
 1.190000000000001E+00  5.599693466262041E-01  2.335439712963745E-01  1.794114584396498E-01
 1.260000000000001E+00  5.750052491084092E-01  1.959053228542811E-01  1.833971407523809E-01
 1.330000000000001E+00  5.873772944108000E-01  1.574610475354936E-01  1.878909201885594E-01
 1.400000000000001E+00  5.970348091690530E-01  1.183744636414305E-01  1.929495587628665E-01
 1.470000000000001E+00  6.039385256616768E-01  7.880812774877784E-02  1.986681311713012E-01
 1.540000000000001E+00  6.080605299219095E-01  3.892389692393742E-02  2.051958747749493E-01
 1.610000000000001E+00  6.093842182840820E-01 -1.116898185842600E-03  2.127693520699815E-01
 1.680000000000001E+00  6.079042688985798E-01 -4.115320490468345E-02  2.133967180216733E-01
 1.750000000000001E+00  6.036266321805775E-01 -8.102396241462348E-02  2.020982092485581E-01
 1.820000000000001E+00  5.965685414758585E-01 -1.205678167270380E-01  1.939746037979174E-01
 1.890000000000001E+00  5.867585425092319E-01 -1.596228754591909E-01  1.874754657198170E-01
 1.960000000000001E+00  5.742365375034502E-01 -1.980265400154117E-01  1.821201977343994E-01
 2.030000000000001E+00  5.590538372961683E-01 -2.356154505384694E-01  1.776339977050445E-01
 2.100000000000001E+00  5.412732124185299E-01 -2.722255756116423E-01  1.738495559020681E-01
 2.170000000000001E+00  5.209689320134653E-01 -3.076924741152725E-01  1.706663837480683E-01
 2.240000000000001E+00  4.982267777491777E-01 -3.418517508480467E-01  1.680033783983930E-01
 2.310000000000000E+00  4.731440186086420E-01 -3.745397205242726E-01  1.658234682675587E-01
 2.380000000000000E+00  4.458293316915561E-01 -4.055942866246723E-01  1.640994945737560E-01
 2.450000000000000E+00  4.164026540257443E-01 -4.348560324607930E-01  1.628150719776469E-01
 2.520000000000000E+00  3.849949509112841E-01 -4.621695119602132E-01  1.619620857043738E-01
 2.590000000000000E+00  3.517478875523321E-01 -4.873847174453554E-01  1.615458929224635E-01
 2.660000000000000E+00  3.168133926800225E-01 -5.103586915204574E-01  1.615823088912832E-01
 2.730000000000000E+00  2.803531055109182E-01 -5.309572406445541E-01  1.620887014574644E-01
 2.799999999999999E+00  2.425377006549252E-01 -5.490566996562862E-01  1.631048315656872E-01
 2.869999999999999E+00  2.035460893769354E-01 -5.645456900458822E-01  1.646656704043235E-01
 2.939999999999999E+00  1.635644997782699E-01 -5.773268107168399E-01  1.668342578900154E-01
 3.009999999999999E+00  1.227854428106127E-01 -5.873181988196431E-01  1.696965532602963E-01
 3.079999999999999E+00  8.140657535197206E-02 -5.944549002872768E-01  1.733693214768736E-01
 3.149999999999999E+00  3.962947563169577E-02 -5.986899950628579E-01  1.780361574968510E-01
 3.219999999999998E+00 -2.341650138886141E-03 -5.999954305468775E-01  1.839589114761274E-01
 3.289999999999998E+00 -4.430130820227968E-02 -5.983625281179725E-01  1.789893756329813E-01
 3.359999999999998E+00 -8.604408103083851E-02 -5.938021410764468E-01  1.746221998840554E-01
 3.429999999999998E+00 -1.273659897157798E-01 -5.863444572152600E-01  1.711430595972476E-01
 3.499999999999998E+00 -1.680658303016763E-01 -5.760384545093101E-01  1.684139128692773E-01
 3.569999999999998E+00 -2.079464605153650E-01 -5.629510331621677E-01  1.663457381750122E-01
 3.639999999999997E+00 -2.468160154411095E-01 -5.471658605399855E-01  1.648757778681328E-01
 3.709999999999997E+00 -2.844890336525006E-01 -5.287819765644628E-01  1.639475095501762E-01
 3.779999999999997E+00 -3.207874789464379E-01 -5.079122153343409E-01  1.635214389091533E-01
 3.849999999999997E+00 -3.555416469224361E-01 -4.846815037381676E-01  1.635684987895919E-01
 3.919999999999997E+00 -3.885909499818924E-01 -4.592250995014008E-01  1.640712294249302E-01
 3.989999999999997E+00 -4.197845786581805E-01 -4.316868296091588E-01  1.650089123197568E-01
 4.059999999999997E+00 -4.489820413174472E-01 -4.022173856976051E-01  1.663748435933644E-01
 4.129999999999997E+00 -4.760535880089217E-01 -3.709727263013434E-01  1.681642243900324E-01
 4.199999999999998E+00 -5.008805274474325E-01 -3.381126273648493E-01  1.703768720012521E-01
 4.269999999999998E+00 -5.233554486771111E-01 -3.037994127908084E-01  1.730158037318126E-01
 4.339999999999998E+00 -5.433823608342293E-01 -2.681968866058742E-01  1.760929270391756E-01
 4.409999999999998E+00 -5.608767655790160E-01 -2.314694781116663E-01  1.796208381886225E-01
 4.479999999999999E+00 -5.757656772159252E-01 -1.937816016023628E-01  1.836326790918314E-01
 4.549999999999999E+00 -5.879876053116009E-01 -1.552972232120942E-01  1.881537149140945E-01
 4.619999999999999E+00 -5.974925138123836E-01 -1.161796194423005E-01  1.932507439702390E-01
 4.690000000000000E+00 -6.042417693344390E-01 -7.659130505243154E-02  1.990066799715860E-01
 4.760000000000000E+00 -6.082080895322841E-01 -3.669410233981664E-02  2.055861356829261E-01
 4.830000000000000E+00 -6.093755003307912E-01  3.350680607607098E-03  2.132265095081732E-01
 4.900000000000000E+00 -6.077393084158836E-01  4.338199835662267E-02  2.126482533998154E-01
 4.970000000000001E+00 -6.033060928018218E-01  8.323878105114446E-02  2.015907614617354E-01
 5.040000000000001E+00 -5.960937166071095E-01  1.227596505891523E-01  1.935738313577792E-01
 5.110000000000001E+00 -5.861313574534753E-01  1.617826787407422E-01  1.871465425471017E-01
 5.180000000000001E+00 -5.734595522292800E-01  2.001452247118429E-01  1.818470408315591E-01
 5.250000000000002E+00 -5.581302494071716E-01  2.376838873611289E-01  1.774049366616730E-01
 5.320000000000002E+00 -5.402068597551970E-01  2.742346038271722E-01  1.736594075335618E-01
 5.390000000000002E+00 -5.197642942130719E-01  3.096329216787361E-01  1.704986154501352E-01
 5.460000000000003E+00 -4.968889760054431E-01  3.437144658396221E-01  1.678678633829030E-01
 5.530000000000003E+00 -4.716788128167725E-01  3.763156144747166E-01  1.657171670762194E-01
 5.600000000000003E+00 -4.442431141399449E-01  4.072743898304904E-01  1.640183835923570E-01
 5.670000000000003E+00 -4.147024388069424E-01  4.364315608572725E-01  1.627565108963036E-01
 5.740000000000004E+00 -3.831883582747123E-01  4.636319445561292E-01  1.619260547626172E-01
 5.810000000000004E+00 -3.498431225110241E-01  4.887258827500937E-01  1.615414337827180E-01
 5.880000000000004E+00 -3.148192173131106E-01  5.115708608408318E-01  1.616022423049396E-01
 5.950000000000005E+00 -2.782788045701183E-01  5.320332256271942E-01  1.621330471041262E-01
 6.020000000000005E+00 -2.403930402820920E-01  5.499899510366050E-01  1.631772975193822E-01
 6.090000000000005E+00 -2.013412689635923E-01  5.653303942700730E-01  1.647676619191044E-01
 6.160000000000005E+00 -1.613100972373759E-01  5.779579809587836E-01  1.669743177137980E-01
 6.230000000000006E+00 -1.204923537743790E-01  5.877917569423201E-01  1.698798968366377E-01
 6.300000000000006E+00 -7.908594704474188E-02  5.947677465100827E-01  1.736028931394147E-01
 6.370000000000006E+00 -3.729263638082420E-02  5.988400624910435E-01  1.783346891364269E-01
 6.440000000000007E+00  4.683264610942415E-03  5.999817222821640E-01  1.843317182392512E-01
 6.510000000000007E+00  4.663623042565118E-02  5.981851353714661E-01  1.787095791324426E-01
 6.580000000000007E+00  8.836088801376368E-02  5.934622415056285E-01  1.744091920311504E-01
 6.650000000000007E+00  1.296533783611480E-01  5.858442935567083E-01  1.709724618266550E-01
 6.720000000000008E+00  1.703126906625718E-01  5.753812944241421E-01  1.682818213481983E-01
 6.790000000000008E+00  2.101419456298242E-01  5.621411119986023E-01  1.662480198092460E-01
 6.860000000000008E+00  2.489496066302046E-01  5.462083093987555E-01  1.648097988719818E-01
 6.930000000000009E+00  2.865506003525718E-01  5.276827385891724E-01  1.639096020490946E-01
 7.000000000000009E+00  3.227673323646678E-01  5.066779535137478E-01  1.635131774960051E-01


 0.000000000000000E+00  0.000000000000000E+00  3.000000000000000E-01  1.000000000000000E-02
 7.000000000000001E-02  2.098285457892838E-02  2.992653270383480E-01  5.832000000000001E-02
 1.400000000000000E-01  4.186294643184843E-02  2.970652279230098E-01  1.049760000000000E-01
 2.100000000000000E-01  6.253806078236858E-02  2.934114269305103E-01  1.049760000000000E-01
 2.800000000000000E-01  8.290707386998430E-02  2.883233486536102E-01  1.049760000000000E-01
 3.500000000000000E-01  1.028704863755761E-01  2.818279473300123E-01  1.049760000000000E-01
 4.200000000000000E-01  1.223309426948335E-01  2.739594740182765E-01  1.049760000000000E-01
 4.900000000000000E-01  1.411937319035335E-01  2.647591874045823E-01  1.049760000000000E-01
 5.600000000000001E-01  1.593672667070912E-01  2.542750152235815E-01  1.049760000000000E-01
 6.300000000000001E-01  1.767635371888658E-01  2.425611741724691E-01  1.049760000000000E-01
 7.000000000000002E-01  1.932985367448952E-01  2.296777567586074E-01  1.049760000000000E-01
 7.700000000000002E-01  2.088926581930532E-01  2.156902937342227E-01  1.049760000000000E-01
 8.400000000000003E-01  2.234710586477603E-01  2.006693006409760E-01  1.049760000000000E-01
 9.100000000000004E-01  2.369639923338733E-01  1.846898165329940E-01  1.049760000000000E-01
 9.800000000000004E-01  2.493071110537383E-01  1.678309422038578E-01  1.049760000000000E-01
 1.050000000000000E+00  2.604417325009314E-01  1.501753842572082E-01  1.049760000000000E-01
 1.120000000000001E+00  2.703150770178269E-01  1.318090101865627E-01  1.049760000000000E-01
 1.190000000000001E+00  2.788804737107017E-01  1.128204183273980E-01  1.049760000000000E-01
 1.260000000000001E+00  2.860975370587895E-01  9.330052517535518E-02  1.049760000000000E-01
 1.330000000000001E+00  2.919323152800056E-01  7.334217118970389E-02  1.049760000000000E-01
 1.400000000000001E+00  2.963574117476642E-01  5.303974487896636E-02  1.049760000000000E-01
 1.470000000000001E+00  2.993520806949427E-01  3.248882374884914E-02  1.049760000000000E-01
 1.540000000000001E+00  3.009022983061849E-01  1.178582962786438E-02  1.049760000000000E-01
 1.610000000000001E+00  3.010008100884172E-01 -8.972304987712353E-03  1.049760000000000E-01
 1.680000000000001E+00  2.996471551571852E-01 -2.968846357969590E-02  1.049760000000000E-01
 1.750000000000001E+00  2.968476677743720E-01 -5.026566966223847E-02  1.049760000000000E-01
 1.820000000000001E+00  2.926154561596735E-01 -7.060741281138229E-02  1.049760000000000E-01
 1.890000000000001E+00  2.869703582801696E-01 -9.061798112307407E-02  1.049760000000000E-01
 1.960000000000001E+00  2.799388740222824E-01 -1.102028041797487E-01  1.049760000000000E-01
 2.030000000000001E+00  2.715540728851086E-01 -1.292688099858055E-01  1.049760000000000E-01
 2.100000000000001E+00  2.618554761202401E-01 -1.477247984870305E-01  1.049760000000000E-01
 2.170000000000001E+00  2.508889120955256E-01 -1.654818332480447E-01  1.049760000000000E-01
 2.240000000000001E+00  2.387063435912019E-01 -1.824536516631413E-01  1.049760000000000E-01
 2.310000000000000E+00  2.253656657559203E-01 -1.985570927649687E-01  1.049760000000000E-01
 2.380000000000000E+00  2.109304735634776E-01 -2.137125403246063E-01  1.049760000000000E-01
 2.450000000000000E+00  1.954697978207421E-01 -2.278443775630985E-01  1.049760000000000E-01
 2.520000000000000E+00  1.790578090814164E-01 -2.408814484792950E-01  1.049760000000000E-01
 2.590000000000000E+00  1.617734892126457E-01 -2.527575196037887E-01  1.049760000000000E-01
 2.660000000000000E+00  1.437002708315276E-01 -2.634117349740321E-01  1.049760000000000E-01
 2.730000000000000E+00  1.249256453617148E-01 -2.727890563467918E-01  1.049760000000000E-01
 2.799999999999999E+00  1.055407410382877E-01 -2.808406801684002E-01  1.049760000000000E-01
 2.869999999999999E+00  8.563987279075444E-02 -2.875244226471473E-01  1.049760000000000E-01
 2.939999999999999E+00  6.532006653615470E-02 -2.928050644380907E-01  1.049760000000000E-01
 3.009999999999999E+00  4.468056099254123E-02 -2.966546469649694E-01  1.049760000000000E-01
 3.079999999999999E+00  2.382229065347002E-02 -2.990527132558400E-01  1.049760000000000E-01
 3.149999999999999E+00  2.847354023824373E-03 -2.999864873299139E-01  1.049760000000000E-01
 3.219999999999998E+00 -1.814152841380335E-02 -2.994509875974788E-01  1.049760000000000E-01
 3.289999999999998E+00 -3.904156177126705E-02 -2.974490713626272E-01  1.049760000000000E-01
 3.359999999999998E+00 -5.975042499197548E-02 -2.939914092780505E-01  1.049760000000000E-01
 3.429999999999998E+00 -8.016681486216878E-02 -2.890963904130324E-01  1.049760000000000E-01
 3.499999999999998E+00 -1.001909810146343E-01 -2.827899603775586E-01  1.049760000000000E-01
 3.569999999999998E+00 -1.197252473734957E-01 -2.751053966165024E-01  1.049760000000000E-01
 3.639999999999997E+00 -1.386745158299766E-01 -2.660830264739079E-01  1.049760000000000E-01
 3.709999999999997E+00 -1.569467483759645E-01 -2.557698948648681E-01  1.049760000000000E-01
 3.779999999999997E+00 -1.744534244355545E-01 -2.442193893317595E-01  1.049760000000000E-01
 3.849999999999997E+00 -1.911099707023966E-01 -2.314908308693543E-01  1.049760000000000E-01
 3.919999999999997E+00 -2.068361613887429E-01 -2.176490391638475E-01  1.049760000000000E-01
 3.989999999999997E+00 -2.215564873962502E-01 -2.027638808058903E-01  1.049760000000000E-01
 4.059999999999997E+00 -2.352004935052016E-01 -1.869098086256334E-01  1.049760000000000E-01
 4.129999999999997E+00 -2.477030832260476E-01 -1.701653995913833E-01  1.049760000000000E-01
 4.199999999999998E+00 -2.590047914459241E-01 -1.526128977575071E-01  1.049760000000000E-01
 4.269999999999998E+00 -2.690520254174597E-01 -1.343377675952640E-01  1.049760000000000E-01
 4.339999999999998E+00 -2.777972749660496E-01 -1.154282617515104E-01  1.049760000000000E-01
 4.409999999999998E+00 -2.851992930274529E-01 -9.597500591644227E-02  1.049760000000000E-01
 4.479999999999999E+00 -2.912232477669358E-01 -7.607060210407755E-02  1.049760000000000E-01
 4.549999999999999E+00 -2.958408475753833E-01 -5.580925031659334E-02  1.049760000000000E-01
 4.619999999999999E+00 -2.990304401918706E-01 -3.528638732969729E-02  1.049760000000000E-01
 4.690000000000000E+00 -3.007770870747327E-01 -1.459834024837609E-02  1.049760000000000E-01
 4.760000000000000E+00 -3.010726139458824E-01  6.158008419269220E-03  1.049760000000000E-01
 4.830000000000000E+00 -2.999156381801962E-01  2.688554810578415E-02  1.049760000000000E-01
 4.900000000000000E+00 -2.973115734193695E-01  4.748726432296670E-02  1.049760000000000E-01
 4.970000000000001E+00 -2.932726114752433E-01  6.786656415738060E-02  1.049760000000000E-01
 5.040000000000001E+00 -2.878176812694595E-01  8.792760760672651E-02  1.049760000000000E-01
 5.110000000000001E+00 -2.809723842527724E-01  1.075756489025888E-01  1.049760000000000E-01
 5.180000000000001E+00 -2.727689054763172E-01  1.267173913776923E-01  1.049760000000000E-01
 5.250000000000002E+00 -2.632458992653722E-01  1.452613586195496E-01  1.049760000000000E-01
 5.320000000000002E+00 -2.524483482887298E-01  1.631182836358921E-01  1.049760000000000E-01
 5.390000000000002E+00 -2.404273947364749E-01  1.802015165774411E-01  1.049760000000000E-01
 5.460000000000003E+00 -2.272401423256872E-01  1.964274502649576E-01  1.049760000000000E-01
 5.530000000000003E+00 -2.129494279538699E-01  2.117159614014694E-01  1.049760000000000E-01
 5.600000000000003E+00 -1.976235620165454E-01  2.259908639739274E-01  1.049760000000000E-01
 5.670000000000003E+00 -1.813360366970649E-01  2.391803700217993E-01  1.049760000000000E-01
 5.740000000000004E+00 -1.641652019176085E-01  2.512175517351579E-01  1.049760000000000E-01
 5.810000000000004E+00 -1.461939091006412E-01  2.620407978022768E-01  1.049760000000000E-01
 5.880000000000004E+00 -1.275091234156566E-01  2.715942561128580E-01  1.049760000000000E-01
 5.950000000000005E+00 -1.082015057591360E-01  2.798282543865098E-01  1.049760000000000E-01
 6.020000000000005E+00 -8.836496631544000E-02  2.866996900749926E-01  1.049760000000000E-01
 6.090000000000005E+00 -6.809619214982078E-02  2.921723810055570E-01  1.049760000000000E-01
 6.160000000000005E+00 -4.749415186770235E-02  2.962173687001035E-01  1.049760000000000E-01
 6.230000000000006E+00 -2.665958091260559E-02  2.988131671123510E-01  1.049760000000000E-01
 6.300000000000006E+00 -5.694451545622083E-03  2.999459506464779E-01  1.049760000000000E-01
 6.370000000000006E+00  1.529856806839566E-02  2.996096767125900E-01  1.049760000000000E-01
 6.440000000000007E+00  3.621666096573863E-02  2.978061396786119E-01  1.049760000000000E-01
 6.510000000000007E+00  5.695740981833501E-02  2.945449548244056E-01  1.049760000000000E-01
 6.580000000000007E+00  7.741934180193852E-02  2.898434727135082E-01  1.049760000000000E-01
 6.650000000000007E+00  9.750246509421867E-02  2.837266261885594E-01  1.049760000000000E-01
 6.720000000000008E+00  1.171087924133688E-01  2.762267138870891E-01  1.049760000000000E-01
 6.790000000000008E+00  1.361428473348707E-01  2.673831256894794E-01  1.049760000000000E-01
 6.860000000000008E+00  1.545121495490585E-01  2.572420167853434E-01  1.049760000000000E-01
 6.930000000000009E+00  1.721276757263595E-01  2.458559380265958E-01  1.049760000000000E-01
 7.000000000000009E+00  1.889042932187462E-01  2.332834308895141E-01  1.049760000000000E-01


 0.000000000000000E+00  0.000000000000000E+00  6.000000000000000E-01  1.000000000000000E-02
 7.000000000000001E-02  4.196571142377313E-02  5.985308158413986E-01  5.832000000000001E-02
 1.400000000000000E-01  8.372596508315351E-02  5.941330296036079E-01  1.049760000000000E-01
 2.100000000000000E-01  1.250766663347881E-01  5.868357623024618E-01  1.049760000000000E-01
 2.800000000000000E-01  1.658164220783906E-01  5.766869642807946E-01  1.049760000000000E-01
 3.500000000000000E-01  2.057478308395418E-01  5.637525644521943E-01  1.049760000000000E-01
 4.200000000000000E-01  2.446787029238764E-01  5.481153300806838E-01  1.049760000000000E-01
 4.900000000000000E-01  2.824231919685394E-01  5.298734841229310E-01  1.049760000000000E-01
 5.600000000000001E-01  3.188028228193284E-01  5.091391355275651E-01  1.049760000000000E-01
 6.300000000000001E-01  3.536474047399921E-01  4.860365830632616E-01  1.049760000000000E-01
 7.000000000000002E-01  3.867958232846344E-01  4.607005551109600E-01  1.049760000000000E-01
 7.700000000000002E-01  4.180967085059273E-01  4.332744465240847E-01  1.049760000000000E-01
 8.400000000000003E-01  4.474089813175382E-01  4.039086094593132E-01  1.049760000000000E-01
 9.100000000000004E-01  4.746022835940432E-01  3.727587484914847E-01  1.049760000000000E-01
 9.800000000000004E-01  4.995573008284273E-01  3.399844619295875E-01  1.049760000000000E-01
 1.050000000000000E+00  5.221659887710575E-01  3.057479616638868E-01  1.049760000000000E-01
 1.120000000000001E+00  5.423317173827339E-01  2.702129936981110E-01  1.049760000000000E-01
 1.190000000000001E+00  5.599693466262041E-01  2.335439712963745E-01  1.049760000000000E-01
 1.260000000000001E+00  5.750052491084092E-01  1.959053228542811E-01  1.049760000000000E-01
 1.330000000000001E+00  5.873772944108000E-01  1.574610475354936E-01  1.049760000000000E-01
 1.400000000000001E+00  5.970348091690530E-01  1.183744636414305E-01  1.049760000000000E-01
 1.470000000000001E+00  6.039385256616768E-01  7.880812774877784E-02  1.049760000000000E-01
 1.540000000000001E+00  6.080605299219095E-01  3.892389692393742E-02  1.049760000000000E-01
 1.610000000000001E+00  6.093842182840820E-01 -1.116898185842600E-03  1.049760000000000E-01
 1.680000000000001E+00  6.079042688985798E-01 -4.115320490468345E-02  1.049760000000000E-01
 1.750000000000001E+00  6.036266321805775E-01 -8.102396241462348E-02  1.049760000000000E-01
 1.820000000000001E+00  5.965685414758585E-01 -1.205678167270380E-01  1.049760000000000E-01
 1.890000000000001E+00  5.867585425092319E-01 -1.596228754591909E-01  1.049760000000000E-01
 1.960000000000001E+00  5.742365375034502E-01 -1.980265400154117E-01  1.049760000000000E-01
 2.030000000000001E+00  5.590538372961683E-01 -2.356154505384694E-01  1.049760000000000E-01
 2.100000000000001E+00  5.412732124185299E-01 -2.722255756116423E-01  1.049760000000000E-01
 2.170000000000001E+00  5.209689320134653E-01 -3.076924741152725E-01  1.049760000000000E-01
 2.240000000000001E+00  4.982267777491777E-01 -3.418517508480467E-01  1.049760000000000E-01
 2.310000000000000E+00  4.731440186086420E-01 -3.745397205242726E-01  1.049760000000000E-01
 2.380000000000000E+00  4.458293316915561E-01 -4.055942866246723E-01  1.049760000000000E-01
 2.450000000000000E+00  4.164026540257443E-01 -4.348560324607930E-01  1.049760000000000E-01
 2.520000000000000E+00  3.849949509112841E-01 -4.621695119602132E-01  1.049760000000000E-01
 2.590000000000000E+00  3.517478875523321E-01 -4.873847174453554E-01  1.049760000000000E-01
 2.660000000000000E+00  3.168133926800225E-01 -5.103586915204574E-01  1.049760000000000E-01
 2.730000000000000E+00  2.803531055109182E-01 -5.309572406445541E-01  1.049760000000000E-01
 2.799999999999999E+00  2.425377006549252E-01 -5.490566996562862E-01  1.049760000000000E-01
 2.869999999999999E+00  2.035460893769354E-01 -5.645456900458822E-01  1.049760000000000E-01
 2.939999999999999E+00  1.635644997782699E-01 -5.773268107168399E-01  1.049760000000000E-01
 3.009999999999999E+00  1.227854428106127E-01 -5.873181988196431E-01  1.049760000000000E-01
 3.079999999999999E+00  8.140657535197206E-02 -5.944549002872768E-01  1.049760000000000E-01
 3.149999999999999E+00  3.962947563169577E-02 -5.986899950628579E-01  1.049760000000000E-01
 3.219999999999998E+00 -2.341650138886141E-03 -5.999954305468775E-01  1.049760000000000E-01
 3.289999999999998E+00 -4.430130820227968E-02 -5.983625281179725E-01  1.049760000000000E-01
 3.359999999999998E+00 -8.604408103083851E-02 -5.938021410764468E-01  1.049760000000000E-01
 3.429999999999998E+00 -1.273659897157798E-01 -5.863444572152600E-01  1.049760000000000E-01
 3.499999999999998E+00 -1.680658303016763E-01 -5.760384545093101E-01  1.049760000000000E-01
 3.569999999999998E+00 -2.079464605153650E-01 -5.629510331621677E-01  1.049760000000000E-01
 3.639999999999997E+00 -2.468160154411095E-01 -5.471658605399855E-01  1.049760000000000E-01
 3.709999999999997E+00 -2.844890336525006E-01 -5.287819765644628E-01  1.049760000000000E-01
 3.779999999999997E+00 -3.207874789464379E-01 -5.079122153343409E-01  1.049760000000000E-01
 3.849999999999997E+00 -3.555416469224361E-01 -4.846815037381676E-01  1.049760000000000E-01
 3.919999999999997E+00 -3.885909499818924E-01 -4.592250995014008E-01  1.049760000000000E-01
 3.989999999999997E+00 -4.197845786581805E-01 -4.316868296091588E-01  1.049760000000000E-01
 4.059999999999997E+00 -4.489820413174472E-01 -4.022173856976051E-01  1.049760000000000E-01
 4.129999999999997E+00 -4.760535880089217E-01 -3.709727263013434E-01  1.049760000000000E-01
 4.199999999999998E+00 -5.008805274474325E-01 -3.381126273648493E-01  1.049760000000000E-01
 4.269999999999998E+00 -5.233554486771111E-01 -3.037994127908084E-01  1.049760000000000E-01
 4.339999999999998E+00 -5.433823608342293E-01 -2.681968866058742E-01  1.049760000000000E-01
 4.409999999999998E+00 -5.608767655790160E-01 -2.314694781116663E-01  1.049760000000000E-01
 4.479999999999999E+00 -5.757656772159252E-01 -1.937816016023628E-01  1.049760000000000E-01
 4.549999999999999E+00 -5.879876053116009E-01 -1.552972232120942E-01  1.049760000000000E-01
 4.619999999999999E+00 -5.974925138123836E-01 -1.161796194423005E-01  1.049760000000000E-01
 4.690000000000000E+00 -6.042417693344390E-01 -7.659130505243154E-02  1.049760000000000E-01
 4.760000000000000E+00 -6.082080895322841E-01 -3.669410233981664E-02  1.049760000000000E-01
 4.830000000000000E+00 -6.093755003307912E-01  3.350680607607098E-03  1.049760000000000E-01
 4.900000000000000E+00 -6.077393084158836E-01  4.338199835662267E-02  1.049760000000000E-01
 4.970000000000001E+00 -6.033060928018218E-01  8.323878105114446E-02  1.049760000000000E-01
 5.040000000000001E+00 -5.960937166071095E-01  1.227596505891523E-01  1.049760000000000E-01
 5.110000000000001E+00 -5.861313574534753E-01  1.617826787407422E-01  1.049760000000000E-01
 5.180000000000001E+00 -5.734595522292800E-01  2.001452247118429E-01  1.049760000000000E-01
 5.250000000000002E+00 -5.581302494071716E-01  2.376838873611289E-01  1.049760000000000E-01
 5.320000000000002E+00 -5.402068597551970E-01  2.742346038271722E-01  1.049760000000000E-01
 5.390000000000002E+00 -5.197642942130719E-01  3.096329216787361E-01  1.049760000000000E-01
 5.460000000000003E+00 -4.968889760054431E-01  3.437144658396221E-01  1.049760000000000E-01
 5.530000000000003E+00 -4.716788128167725E-01  3.763156144747166E-01  1.049760000000000E-01
 5.600000000000003E+00 -4.442431141399449E-01  4.072743898304904E-01  1.049760000000000E-01
 5.670000000000003E+00 -4.147024388069424E-01  4.364315608572725E-01  1.049760000000000E-01
 5.740000000000004E+00 -3.831883582747123E-01  4.636319445561292E-01  1.049760000000000E-01
 5.810000000000004E+00 -3.498431225110241E-01  4.887258827500937E-01  1.049760000000000E-01
 5.880000000000004E+00 -3.148192173131106E-01  5.115708608408318E-01  1.049760000000000E-01
 5.950000000000005E+00 -2.782788045701183E-01  5.320332256271942E-01  1.049760000000000E-01
 6.020000000000005E+00 -2.403930402820920E-01  5.499899510366050E-01  1.049760000000000E-01
 6.090000000000005E+00 -2.013412689635923E-01  5.653303942700730E-01  1.049760000000000E-01
 6.160000000000005E+00 -1.613100972373759E-01  5.779579809587836E-01  1.049760000000000E-01
 6.230000000000006E+00 -1.204923537743790E-01  5.877917569423201E-01  1.049760000000000E-01
 6.300000000000006E+00 -7.908594704474188E-02  5.947677465100827E-01  1.049760000000000E-01
 6.370000000000006E+00 -3.729263638082420E-02  5.988400624910435E-01  1.049760000000000E-01
 6.440000000000007E+00  4.683264610942415E-03  5.999817222821640E-01  1.049760000000000E-01
 6.510000000000007E+00  4.663623042565118E-02  5.981851353714661E-01  1.049760000000000E-01
 6.580000000000007E+00  8.836088801376368E-02  5.934622415056285E-01  1.049760000000000E-01
 6.650000000000007E+00  1.296533783611480E-01  5.858442935567083E-01  1.049760000000000E-01
 6.720000000000008E+00  1.703126906625718E-01  5.753812944241421E-01  1.049760000000000E-01
 6.790000000000008E+00  2.101419456298242E-01  5.621411119986023E-01  1.049760000000000E-01
 6.860000000000008E+00  2.489496066302046E-01  5.462083093987555E-01  1.049760000000000E-01
 6.930000000000009E+00  2.865506003525718E-01  5.276827385891724E-01  1.049760000000000E-01
 7.000000000000009E+00  3.227673323646678E-01  5.066779535137478E-01  1.049760000000000E-01


